-7.300263006888464 9.352956068745003
-9.567960426556324 3.2983362803909193
-1.4469592414399282 14.056970468134478
12.273501027442602 3.7078834812951484
-0.09596415224148291 14.171622872597283
-11.881279809654117 -3.560358396072701
7.645068448350483 14.21582019475552
-9.753474807762908 -8.60227526202467
-11.11090937858745 -7.396208706856767
8.103426215405914 -7.98707396653403
11.071951703196497 6.337901212796112
2.7575422901539417 15.491394890127477
-9.650023103804184 4.630671513828471
0.6621397595062062 15.36089338780733
-2.659251280799178 -15.195657871631855
11.402970372557846 5.312327221963794
11.460010209401531 5.278697330237531
8.479992924183335 -3.257820826374961
-9.495616345309044 2.988377164803478
-2.661914304840003 11.929620537455936
8.975223050471676 11.210838900716716
-11.398306865539134 -8.634730896908838
-1.5307719175768266 11.932890794562205
-7.09027979169106 8.875753731710128
-11.53214102603398 2.1987400763008833
-5.827396523429152 -13.656310170493281
3.716377212829665 13.895976485304908
4.674130884306251 -11.73840392556365
8.011755696351655 -0.9613007357048509
-2.0399705035500837 -12.09872129653207
13.587932518881178 5.001117851303587
10.917643889223873 -2.652313027017995
1.4068748961529094 -13.240908712270741
11.117931736507149 3.566272021156854
7.6079730431919295 -6.784731196894891
-12.575440387863276 -0.9160887670075741
-9.054211115829853 6.770844529888441
12.045325205507869 5.930781439792314
5.64891062624679 14.083125107188517
-13.304160634875384 0.6210534201798108
-0.8238498662492715 13.510996039341748
-4.926355831504845 9.172672680442405
-6.8114872012034775 7.9676800948182915
11.884076538740604 -0.3562963224921001
7.735496504247941 -6.256676978855721
7.717017046903287 12.467308768476823
11.521982191303007 0.26062532478923695
2.1313882533293107 14.395030443202682
-8.40710782546081 -10.216370244577506
-1.6927946991733318 -12.856207344905297
