-13.27080101622279 5.073509252140804
-3.0944940669999514 -7.449461122924252
-6.306454650236782 7.471976271324536
1.2748501168669768 -9.107862698585139
6.431472184797091 -8.57031413621737
-9.886402762048178 -4.663957542821191
-11.096604353397073 -3.4686351902399535
-4.586631504359412 -6.025143229193883
-1.9719902082677176 10.348503454872233
8.25260083006853 6.6422292689291265
-0.2323687857999186 4.437893393447456
0.9267202237567324 4.7073437990631355
3.591609026251816 -6.985777870288769
-2.845858927005639 7.799882677986415
-1.923530349670406 -7.029705911869039
-2.185141837729611 -0.9211672311463613
2.1037385503164394 -5.988503504102496
-13.041193937313617 2.35098321552715
