Date	Time	Accum.	Scatter	Current	Sample	Ref.	Temp.	Sheath	Diff.	Box	Purge	Pres.	Aux.	Flow	90.00	94.11	98.41	102.91	107.61	112.53	117.67	123.04	128.66	134.54	140.69	147.12	153.84	160.87	168.22	175.90	183.94	192.34	201.13	210.32	219.93	229.98	240.49	251.47	262.96	274.98	287.54	300.68	314.42	328.78	343.80	359.51	375.94	393.11	411.07	429.85	449.49	470.03	491.50	513.96	537.44	562.00	587.67	614.52	642.60	671.96	702.66	734.76	768.33	803.44	840.14	878.53	918.67	960.64	1004.53	1050.42	1098.41	1148.60	1201.08	1255.95	1313.33	1373.34	1436.08	1501.69	1570.30	1642.05	1717.07	1795.52	1877.56	1963.34	2053.04	2146.84	2244.92	2347.49	2454.74	2566.90	2684.17	2806.81	2935.05	3069.14	3209.37	3356.00	3509.33	3669.66	3837.32	4012.64	4195.97	4387.68	4588.14	4797.77	5016.97	5246.18	5485.87	5736.51	5998.60	6272.67	6559.26	6858.94	7172.31
-	-	Secs	Volts	Volts	sccm	Volts	Volts	sccm	Volts	K	sccm	kPa	Volts	sccm	94.11	98.41	102.91	107.61	112.53	117.67	123.04	128.66	134.54	140.69	147.12	153.84	160.87	168.22	175.90	183.94	192.34	201.13	210.32	219.93	229.98	240.49	251.47	262.96	274.98	287.54	300.68	314.42	328.78	343.80	359.51	375.94	393.11	411.07	429.85	449.49	470.03	491.50	513.96	537.44	562.00	587.67	614.52	642.60	671.96	702.66	734.76	768.33	803.44	840.14	878.53	918.67	960.64	1004.53	1050.42	1098.41	1148.60	1201.08	1255.95	1313.33	1373.34	1436.08	1501.69	1570.30	1642.05	1717.07	1795.52	1877.56	1963.34	2053.04	2146.84	2244.92	2347.49	2454.74	2566.90	2684.17	2806.81	2935.05	3069.14	3209.37	3356.00	3509.33	3669.66	3837.32	4012.64	4195.97	4387.68	4588.14	4797.77	5016.97	5246.18	5485.87	5736.51	5998.60	6272.67	6559.26	6858.94	7172.31	7500.00
6/10/2021	06:07:59.86  PM	75.00	1.658	4.095	49.650	2.072	4.095	691.957	4.095	296.579	0.000	99.515	0.000	0.000	1341	1627	1635	1803	2020	2165	2391	2531	2884	3464	3394	3375	3674	4063	4175	4387	4586	4870	5193	5477	5614	5812	5814	5760	5599	5329	4508	4422	4346	4573	4844	5455	5200	3979	2175	1509	1630	1852	2083	1738	1106	910	905	799	511	447	397	450	512	430	309	366	611	496	92	91	75	108	96	141	111	98	66	74	84	374	278	166	144	80	47	37	18	13	3	7	1	4	2	4	5	1	1	0	0	0	0	0	0	0	0	0	0	0	0	0	0	0	0
6/10/2021	06:09:14.86  PM	75.00	1.536	4.095	49.649	1.969	4.095	691.484	4.095	296.495	0.000	99.515	0.000	0.000	1408	1502	1703	1776	1978	2128	2415	2567	2847	3319	3226	3430	3590	3915	4208	4353	4672	4840	5122	5254	5541	5716	5665	5744	5351	5153	4431	4454	4300	4380	4831	5377	5302	3572	2141	1444	1572	1767	1997	1704	1000	885	867	704	486	439	445	479	459	429	322	358	608	511	107	84	109	101	144	132	112	79	56	86	88	338	218	156	116	99	51	25	18	14	9	10	2	2	3	2	1	1	3	0	1	0	0	0	0	0	0	0	0	0	0	0	0	0	0
6/10/2021	06:10:29.86  PM	75.00	1.548	4.095	49.647	1.970	4.095	691.845	4.095	296.476	0.000	99.512	0.000	0.000	1431	1527	1778	1772	2048	2268	2508	2607	2945	3459	3368	3435	3734	3874	4242	4384	4553	4869	5239	5319	5666	5783	5791	5857	5588	5153	4439	4709	4306	4535	4860	5515	5277	3678	2207	1472	1635	1905	1997	1665	1073	946	932	721	493	436	419	493	457	437	314	380	625	467	82	84	112	103	129	157	81	84	75	67	95	337	264	168	138	102	42	11	24	10	11	3	3	3	7	3	0	2	2	1	2	0	0	0	0	0	0	0	0	0	0	0	0	0	0
6/10/2021	06:11:44.86  PM	75.00	1.613	4.095	49.648	2.058	4.095	691.986	4.095	296.510	0.000	99.509	0.000	0.000	1512	1591	1728	1910	2130	2323	2422	2656	2980	3546	3558	3486	3783	4193	4324	4508	4711	5002	5205	5459	5629	5843	5932	5811	5601	5103	4481	4607	4448	4536	4900	5462	5223	3883	2280	1458	1567	1778	2023	1733	1125	933	922	778	497	444	429	445	469	450	329	339	579	497	131	77	77	100	122	164	125	90	86	69	105	363	268	134	129	81	47	16	20	14	7	9	5	3	2	1	1	2	1	0	0	0	0	0	0	0	0	0	0	0	0	0	0	0	0
6/10/2021	06:12:59.86  PM	75.00	1.652	4.095	49.649	2.092	4.095	691.768	4.095	296.531	0.000	99.510	0.000	0.000	1550	1698	1852	2039	2177	2349	2620	2907	2989	3639	3741	3634	3977	4243	4603	4764	4809	5225	5519	5906	5889	6006	6157	6106	5851	5472	4663	4822	4586	4580	4993	5605	5501	4111	2315	1635	1661	1818	2122	1925	1191	945	944	840	528	438	435	469	536	486	348	397	624	552	125	92	80	99	116	179	123	77	82	70	97	369	306	171	130	89	45	24	15	9	11	7	4	4	4	3	3	3	2	1	1	0	0	0	0	0	0	0	0	0	0	0	0	0	0
6/10/2021	06:14:14.86  PM	75.00	1.560	4.095	49.647	2.099	4.095	691.244	4.095	296.517	0.000	99.508	0.000	0.000	1488	1689	1720	1978	2092	2254	2478	2801	2921	3527	3544	3476	3827	4097	4254	4475	4783	4826	5132	5392	5521	5634	5701	5806	5543	5129	4553	4615	4306	4318	4729	5417	5147	3781	2157	1409	1586	1837	2002	1716	1137	963	869	755	511	445	460	422	477	452	291	346	615	469	107	91	79	93	104	149	103	103	71	68	80	325	307	180	130	87	45	28	19	14	5	9	1	3	1	4	1	0	2	0	0	0	0	0	0	0	0	0	0	0	0	0	0	0	0
6/10/2021	06:15:29.86  PM	75.00	1.632	4.095	49.648	2.115	4.095	691.530	4.095	296.549	0.000	99.511	0.000	0.000	1504	1738	1865	2068	2252	2361	2589	2801	3028	3712	3581	3597	3938	4180	4511	4629	4812	5050	5319	5636	5790	5861	6126	5905	5810	5302	4566	4756	4431	4546	4902	5643	5569	3945	2198	1480	1617	1814	2100	1794	1202	892	892	803	582	433	483	434	495	494	302	395	594	524	99	94	90	115	133	153	145	82	78	84	100	333	262	160	129	99	46	18	18	14	11	8	6	5	2	4	2	2	1	1	0	0	0	0	0	0	0	0	0	0	0	0	0	0	0
6/10/2021	06:16:44.86  PM	75.00	0.722	4.095	49.648	2.125	4.095	697.882	4.095	296.590	0.000	99.509	0.000	0.000	702	564	545	503	451	473	582	547	595	753	724	738	822	848	909	943	1028	1051	1101	1165	1145	1220	1249	1190	1160	1060	907	966	999	952	930	1092	1088	761	452	322	325	359	442	359	240	190	175	132	110	82	101	99	103	81	63	75	147	96	19	23	18	25	17	32	21	20	15	19	20	51	50	32	21	12	8	7	5	2	4	1	1	1	0	1	0	0	0	0	0	0	0	0	0	0	0	0	0	0	0	0	0	0	0
6/10/2021	06:17:59.86  PM	75.00	0.514	4.095	49.654	2.147	4.095	698.768	4.095	296.550	0.000	99.508	0.000	0.000	31	11	4	2	2	1	2	1	0	3	0	0	0	0	0	0	0	0	1	0	0	1	0	0	0	0	0	0	0	0	0	1	0	0	0	0	0	0	0	0	0	0	1	0	0	0	0	0	0	0	0	0	0	0	0	0	0	0	0	0	0	0	0	0	0	0	0	0	0	0	0	0	0	0	0	0	0	0	0	0	0	0	0	0	0	0	0	0	0	0	0	0	0	0	0	0	0	0	0
6/10/2021	06:19:14.86  PM	75.00	0.680	4.095	49.647	2.138	4.095	694.516	4.095	296.554	0.000	99.508	0.000	0.000	1833	974	598	428	337	327	355	337	391	356	378	391	418	533	469	458	506	597	607	623	616	661	610	590	591	551	512	469	443	443	496	546	563	418	220	157	166	180	209	214	122	101	98	91	71	43	44	43	48	61	43	43	52	48	11	4	10	6	10	9	16	19	10	9	5	46	29	17	14	9	3	5	0	0	2	0	1	0	0	0	0	2	0	0	0	0	0	0	0	0	0	0	0	0	0	0	0	0	0
6/10/2021	06:20:29.86  PM	75.00	0.724	4.095	49.648	2.145	4.095	691.545	4.095	296.532	0.000	99.506	0.000	0.000	609	520	505	486	587	585	654	649	698	771	763	814	901	945	1053	992	1030	1100	1245	1210	1254	1247	1218	1267	1140	1094	1029	978	887	837	958	1045	1019	827	448	309	328	367	400	394	277	196	194	203	113	88	80	67	106	100	67	77	105	109	28	16	17	16	22	26	34	18	19	14	21	78	58	31	36	21	14	6	8	1	3	1	0	2	0	1	0	1	0	0	1	0	0	0	0	0	0	0	0	0	0	0	0	0	0
6/10/2021	06:21:44.86  PM	75.00	0.747	4.095	49.650	2.151	4.095	691.596	4.095	296.532	0.000	99.509	0.000	0.000	449	455	477	484	536	582	645	662	684	761	825	865	873	972	983	1043	1097	1089	1184	1248	1224	1290	1246	1267	1211	1132	997	971	869	918	941	1076	1104	787	466	334	322	362	387	329	258	199	192	173	117	85	87	94	97	111	66	73	112	109	25	22	14	19	16	33	43	17	12	13	13	111	59	34	25	20	6	3	4	1	2	3	2	1	0	0	1	0	1	0	0	0	0	0	0	0	0	0	0	0	0	0	0	0	0
6/10/2021	06:22:59.86  PM	75.00	0.715	4.095	49.650	2.130	4.095	692.916	4.095	296.525	0.000	99.509	0.000	0.000	559	537	528	551	601	604	688	762	805	806	858	893	952	930	1035	1085	1086	1217	1214	1276	1262	1320	1370	1383	1314	1184	1051	995	940	1035	1037	1198	1211	893	480	317	327	419	409	353	255	190	160	174	111	83	89	110	114	113	77	89	128	98	24	15	25	29	34	26	31	21	21	13	8	81	53	38	27	27	9	8	4	6	4	3	3	1	0	0	0	0	1	0	0	0	0	0	0	0	0	0	0	0	0	0	0	0	0
6/10/2021	06:24:14.86  PM	75.00	0.721	4.095	49.648	2.107	4.095	692.736	4.095	296.520	0.000	99.511	0.000	0.000	499	493	470	562	614	645	709	680	737	865	827	952	1070	1014	1072	1055	1117	1243	1223	1355	1369	1406	1423	1311	1301	1206	1062	1088	950	1036	1104	1200	1221	822	447	343	369	428	438	340	263	198	197	187	106	92	85	112	115	112	59	79	123	122	24	22	20	18	26	32	33	15	14	22	26	90	57	39	24	24	11	7	6	3	3	1	1	0	1	1	0	0	0	0	0	1	0	0	0	0	0	0	0	0	0	0	0	0	0
6/10/2021	06:25:29.86  PM	75.00	0.764	4.095	49.650	2.140	4.095	691.643	4.095	296.531	0.000	99.510	0.000	0.000	460	499	569	549	588	621	693	773	777	883	826	976	950	1055	1110	1146	1163	1205	1244	1383	1404	1492	1438	1350	1320	1234	1114	1057	1030	1034	1120	1293	1183	865	508	333	372	430	475	418	242	215	197	170	113	105	86	93	105	97	72	81	102	111	28	19	13	23	31	38	25	14	25	14	24	79	59	27	25	26	13	5	6	3	2	2	0	1	0	0	2	0	0	0	0	0	0	0	0	0	0	0	0	0	0	0	0	0	0
6/10/2021	06:26:44.86  PM	75.00	0.758	4.095	49.645	2.150	4.095	691.300	4.095	296.524	0.000	99.513	0.000	0.000	503	473	531	579	591	651	711	729	775	828	887	918	1022	1030	1082	1158	1114	1197	1291	1314	1331	1494	1360	1420	1322	1251	1110	1086	1014	1040	1097	1223	1254	853	518	284	364	411	444	422	262	209	205	186	133	100	93	111	119	112	73	65	142	126	27	16	32	32	29	26	28	13	15	14	22	81	63	37	23	24	11	7	4	3	1	1	2	1	1	1	1	2	1	0	0	0	0	0	0	0	0	0	0	0	0	0	0	0	0
