Date	Time	Accum.	Scatter	Current	Sample	Ref.	Temp.	Sheath	Diff.	Box	Purge	Pres.	Aux.	Flow	90.00	94.11	98.41	102.91	107.61	112.53	117.67	123.04	128.66	134.54	140.69	147.12	153.84	160.87	168.22	175.90	183.94	192.34	201.13	210.32	219.93	229.98	240.49	251.47	262.96	274.98	287.54	300.68	314.42	328.78	343.80	359.51	375.94	393.11	411.07	429.85	449.49	470.03	491.50	513.96	537.44	562.00	587.67	614.52	642.60	671.96	702.66	734.76	768.33	803.44	840.14	878.53	918.67	960.64	1004.53	1050.42	1098.41	1148.60	1201.08	1255.95	1313.33	1373.34	1436.08	1501.69	1570.30	1642.05	1717.07	1795.52	1877.56	1963.34	2053.04	2146.84	2244.92	2347.49	2454.74	2566.90	2684.17	2806.81	2935.05	3069.14	3209.37	3356.00	3509.33	3669.66	3837.32	4012.64	4195.97	4387.68	4588.14	4797.77	5016.97	5246.18	5485.87	5736.51	5998.60	6272.67	6559.26	6858.94	7172.31
-	-	Secs	Volts	Volts	sccm	Volts	Volts	sccm	Volts	K	sccm	kPa	Volts	sccm	94.11	98.41	102.91	107.61	112.53	117.67	123.04	128.66	134.54	140.69	147.12	153.84	160.87	168.22	175.90	183.94	192.34	201.13	210.32	219.93	229.98	240.49	251.47	262.96	274.98	287.54	300.68	314.42	328.78	343.80	359.51	375.94	393.11	411.07	429.85	449.49	470.03	491.50	513.96	537.44	562.00	587.67	614.52	642.60	671.96	702.66	734.76	768.33	803.44	840.14	878.53	918.67	960.64	1004.53	1050.42	1098.41	1148.60	1201.08	1255.95	1313.33	1373.34	1436.08	1501.69	1570.30	1642.05	1717.07	1795.52	1877.56	1963.34	2053.04	2146.84	2244.92	2347.49	2454.74	2566.90	2684.17	2806.81	2935.05	3069.14	3209.37	3356.00	3509.33	3669.66	3837.32	4012.64	4195.97	4387.68	4588.14	4797.77	5016.97	5246.18	5485.87	5736.51	5998.60	6272.67	6559.26	6858.94	7172.31	7500.00
6/10/2021	04:46:04.91  PM	75.00	1.349	4.090	49.584	2.338	4.090	690.739	4.090	296.501	0.000	99.472	0.000	0.000	2095	2274	2426	2631	2906	3033	3204	3456	3787	4457	4461	4426	4750	4831	5112	5224	5223	5307	5328	5253	5062	5065	4787	4457	4101	3643	3144	3043	2853	2712	3036	3473	3476	2597	1490	1029	1034	1267	1436	1376	923	789	759	678	481	339	368	370	415	384	300	299	482	442	93	77	66	68	84	110	141	99	64	60	66	328	230	139	104	64	30	10	9	9	7	5	1	2	2	1	3	3	1	1	0	0	0	0	0	0	0	0	0	0	0	0	0	0	0
6/10/2021	04:47:19.91  PM	75.00	1.365	4.095	49.648	2.342	4.095	691.744	4.095	296.883	0.000	99.603	0.000	0.000	1917	2034	2295	2477	2711	2896	3203	3313	3644	4187	4239	4296	4533	4893	4916	4891	5048	4962	4830	5186	4853	4710	4516	4275	3827	3444	3036	2920	2643	2656	2873	3220	3332	2484	1427	965	1105	1178	1316	1313	911	728	634	653	442	353	307	339	353	375	259	290	440	424	89	70	62	83	81	115	131	84	64	57	58	317	214	125	79	78	29	18	15	3	3	3	1	7	1	2	1	2	0	0	1	0	0	0	0	0	0	0	0	0	0	0	0	0	0
6/10/2021	04:48:34.91  PM	75.00	1.472	4.095	49.649	2.322	4.095	691.545	4.095	296.827	0.000	99.599	0.000	0.000	2058	2140	2346	2539	2821	2986	3238	3473	3722	4329	4309	4361	4727	4940	5035	5100	5227	5258	5411	5294	5294	5066	4861	4491	4078	3589	3279	3050	2865	2734	2980	3372	3406	2761	1542	1013	1128	1253	1398	1408	1052	761	727	724	478	360	337	384	413	405	309	277	522	449	85	68	78	79	81	80	131	112	65	65	69	317	219	133	97	77	37	15	9	3	5	3	2	3	1	2	3	0	0	0	0	0	0	0	0	0	0	0	0	0	0	0	0	0	0
6/10/2021	04:49:49.91  PM	75.00	1.360	4.095	49.650	2.277	4.095	691.650	4.095	296.832	0.000	99.596	0.000	0.000	1898	2117	2388	2572	2880	3007	3283	3432	3569	4280	4372	4317	4706	4804	5123	5127	5102	5172	5181	5127	5027	4934	4826	4358	4048	3612	3098	2834	2698	2708	2952	3346	3419	2486	1455	1022	1094	1155	1374	1392	953	705	750	649	522	378	320	363	354	414	288	272	486	472	90	67	54	86	81	93	128	99	70	78	65	315	199	129	92	70	24	12	17	8	3	5	4	0	1	2	2	0	1	0	0	0	0	0	0	0	0	0	0	0	0	0	0	0	0
6/10/2021	04:51:04.91  PM	75.00	1.370	4.095	49.647	2.300	4.095	691.867	4.095	296.810	0.000	99.595	0.000	0.000	2002	2205	2409	2424	2702	3056	3104	3526	3674	4284	4428	4362	4626	4798	4938	4995	5123	5059	5105	5121	5027	4798	4622	4410	3979	3559	3088	2890	2732	2596	2833	3264	3384	2674	1478	950	1031	1169	1324	1294	975	711	707	694	510	285	330	365	385	388	289	296	468	502	91	72	62	69	81	109	125	99	61	59	64	305	220	131	105	67	45	20	10	5	6	4	2	7	2	0	0	0	0	1	1	0	0	0	0	0	0	0	0	0	0	0	0	0	0
6/10/2021	04:52:19.91  PM	75.00	1.427	4.095	49.647	2.312	4.095	691.387	4.095	296.833	0.000	99.593	0.000	0.000	1943	2224	2373	2590	2888	3048	3256	3617	3799	4352	4476	4427	4774	4896	5137	4964	5207	5274	5244	5386	5262	4989	4683	4383	4089	3627	3210	2942	2791	2799	3035	3369	3512	2682	1444	1021	1100	1168	1329	1390	1021	751	710	720	449	365	343	378	411	413	296	297	480	484	97	67	72	79	91	108	147	105	82	59	72	292	244	117	100	84	44	16	8	6	4	1	8	3	1	2	1	3	2	0	1	0	0	0	0	0	0	0	0	0	0	0	0	0	0
6/10/2021	04:53:34.91  PM	75.00	1.356	4.095	49.649	2.311	4.095	692.150	4.095	296.832	0.000	99.592	0.000	0.000	2045	2211	2403	2546	2808	2984	3209	3418	3754	4472	4604	4376	4799	5018	5099	5010	5265	5138	5218	5278	5206	5100	4763	4328	4097	3655	3351	2977	2759	2802	3006	3327	3513	2568	1480	1014	1093	1217	1327	1324	983	759	735	642	491	357	359	342	403	385	318	289	479	443	91	70	65	80	59	90	128	107	67	49	80	309	248	122	95	95	31	16	14	7	2	8	3	4	2	0	0	1	1	1	1	0	0	0	0	0	0	0	0	0	0	0	0	0	0
6/10/2021	04:54:49.91  PM	75.00	0.700	4.095	49.646	2.322	4.095	699.064	4.095	296.892	0.000	99.591	0.000	0.000	499	475	510	497	458	517	571	575	681	740	785	722	822	818	912	942	904	918	896	918	925	869	824	714	681	627	543	535	502	488	497	644	621	455	250	175	184	241	212	219	159	121	122	124	74	64	65	73	75	83	59	52	87	77	19	14	8	13	15	17	19	9	10	13	12	46	25	18	15	8	5	5	0	0	1	1	0	1	0	0	1	0	0	0	0	0	0	0	0	0	0	0	0	0	0	0	0	0	0
6/10/2021	04:56:04.91  PM	75.00	0.546	4.095	49.650	2.344	4.095	699.136	4.095	296.862	0.000	99.591	0.000	0.000	1	2	0	1	1	1	1	0	0	0	0	0	0	0	2	0	0	0	0	1	0	0	0	0	0	0	0	0	0	0	0	0	0	0	0	0	0	0	0	0	0	0	0	0	0	0	0	0	0	0	0	0	0	0	0	0	0	0	0	0	0	0	0	0	0	0	0	0	0	0	0	0	0	0	0	0	0	0	0	0	0	0	0	0	0	0	0	0	0	0	0	0	0	0	0	0	0	0	0
6/10/2021	04:57:19.91  PM	75.00	0.578	4.095	49.645	2.338	4.095	692.514	4.095	296.855	0.000	99.592	0.000	0.000	170	177	164	171	146	165	188	230	185	250	251	249	291	279	267	296	301	296	304	275	288	250	263	231	222	173	154	146	141	141	142	175	166	154	87	46	54	55	68	72	50	35	27	40	22	15	17	14	14	17	18	12	32	21	5	7	1	4	4	2	5	7	3	6	4	15	10	4	5	5	2	3	2	0	1	1	1	0	0	2	0	0	0	0	0	0	0	0	0	0	0	0	0	0	0	0	0	0	0
6/10/2021	04:58:34.91  PM	75.00	0.593	4.095	49.648	2.335	4.095	691.799	4.095	296.835	0.000	99.588	0.000	0.000	137	165	187	185	188	239	208	221	260	269	289	284	321	291	307	341	370	374	337	309	332	278	318	267	265	242	182	184	164	158	185	177	225	152	68	60	75	56	81	75	54	36	47	39	28	13	16	26	31	21	16	14	26	28	4	2	2	2	3	3	13	5	1	1	6	19	15	5	5	0	3	1	0	1	0	0	0	1	0	0	1	0	0	0	0	0	0	0	0	0	0	0	0	0	0	0	0	0	0
6/10/2021	04:59:49.91  PM	75.00	0.590	4.095	49.655	2.323	4.095	691.639	4.095	296.826	0.000	99.585	0.000	0.000	166	171	148	187	187	195	226	219	253	258	291	270	279	299	298	341	343	349	332	346	317	312	311	290	219	242	166	174	159	162	179	188	192	152	69	59	56	82	74	68	54	47	34	34	26	21	19	19	10	19	21	19	30	35	8	3	2	3	3	4	5	2	9	5	0	15	10	8	3	6	4	0	3	0	0	0	0	0	0	0	0	0	0	0	0	0	0	0	0	0	0	0	0	0	0	0	0	0	0
6/10/2021	05:01:04.91  PM	75.00	0.576	4.095	49.649	2.317	4.095	691.561	4.095	296.805	0.000	99.582	0.000	0.000	157	158	184	168	199	202	217	234	225	247	266	261	291	318	312	334	317	320	339	311	313	278	312	264	213	184	187	167	157	175	183	188	186	142	71	57	61	67	74	68	66	36	48	34	23	22	21	28	27	23	8	13	22	24	4	5	5	0	3	2	13	5	2	3	1	28	13	3	8	2	3	1	0	0	1	0	0	0	0	0	1	0	0	0	0	0	0	0	0	0	0	0	0	0	0	0	0	0	0
6/10/2021	05:02:19.91  PM	75.00	0.577	4.095	49.648	2.318	4.095	691.364	4.095	296.828	0.000	99.580	0.000	0.000	147	142	166	180	167	196	216	226	248	259	246	264	285	305	275	277	348	323	331	332	314	307	256	225	255	208	189	176	156	144	174	192	183	164	98	62	56	80	78	69	60	36	36	38	23	25	17	26	18	21	14	20	26	14	6	4	4	4	4	10	9	0	4	3	3	13	16	9	4	3	0	0	0	0	0	0	0	0	1	0	0	0	0	0	0	0	0	0	0	0	0	0	0	0	0	0	0	0	0
6/10/2021	05:03:34.91  PM	75.00	0.584	4.095	49.652	2.324	4.095	691.368	4.095	296.829	0.000	99.577	0.000	0.000	154	143	155	169	179	204	218	214	229	260	267	270	301	289	305	293	319	300	298	327	322	282	273	276	248	203	187	175	156	154	207	209	187	136	86	69	62	71	83	51	39	42	33	31	16	24	29	14	17	22	18	18	21	22	7	3	1	5	1	6	4	2	3	3	4	13	10	5	9	6	1	0	0	1	0	0	0	1	0	0	0	0	0	0	0	0	0	0	0	0	0	0	0	0	0	0	0	0	0
6/10/2021	05:04:49.91  PM	75.00	0.600	4.095	49.650	2.350	4.095	691.492	4.095	296.812	0.000	99.574	0.000	0.000	147	163	169	144	178	195	214	230	265	252	233	303	333	315	290	332	327	315	325	314	321	331	284	268	253	181	176	183	166	164	159	184	188	148	82	63	63	65	77	83	39	43	36	33	28	23	18	15	21	18	17	21	30	32	6	4	4	3	5	3	9	4	3	3	4	22	14	4	5	3	1	1	0	0	0	0	0	0	0	0	0	0	0	0	0	0	0	0	0	0	0	0	0	0	0	0	0	0	0
